23 
23 82 
12 82 23 
12 53 23 82 
9 12 23 82 53 
9 12 23 82 53 39 
2 12 9 82 53 39 23 
2 12 9 13 53 39 23 82 
2 12 9 13 53 39 23 82 30 
2 12 9 13 53 39 23 82 30 61 
2 12 9 13 21 39 23 82 30 61 
2 12 9 13 21 39 23 82 30 61 
2 12 9 13 21 18 23 82 30 61 
2 12 9 13 21 18 19 82 30 61 
2 12 9 13 21 18 19 82 30 61 
2 12 9 13 21 18 19 53 30 61 
2 4 9 12 21 18 19 13 30 61 
2 4 9 12 21 18 19 13 30 61 
2 4 9 12 21 18 19 13 30 61 
2 4 9 12 8 18 19 13 30 21 
2 4 9 12 8 18 19 13 30 21 
2 4 9 12 8 18 19 13 30 21 
2 4 9 12 8 18 19 13 30 21 
2 4 9 12 8 11 19 13 30 21 
2 4 7 12 8 9 19 13 30 21 
2 4 7 12 8 8 19 13 30 21 
2 4 5 12 8 7 19 13 30 21 
2 4 5 12 8 7 10 13 30 21 
2 4 5 12 8 7 10 13 30 21 
END OF BUILDING HEAP

START OF DELETING HEAP
2 4 5 12 8 7 10 13 30 21 
4 8 5 12 10 7 10 13 30 21 
5 8 7 12 10 8 10 13 30 21 
7 8 8 12 10 9 10 13 30 21 
8 10 8 12 20 9 10 13 30 21 
8 10 9 12 20 11 10 13 30 21 
9 10 10 12 20 11 19 13 30 21 
10 12 10 13 20 11 19 39 30 21 
10 12 11 13 20 18 19 39 30 21 
11 12 18 13 20 23 19 39 30 21 
12 13 18 30 20 23 19 39 34 21 
13 20 18 30 21 23 19 39 34 61 
18 20 19 30 21 23 42 39 34 61 
19 20 23 30 21 36 42 39 34 61 
20 21 23 30 37 36 42 39 34 61 
21 30 23 34 37 36 42 39 93 61 
23 30 36 34 37 45 42 39 93 61 
30 34 36 39 37 45 42 53 93 61 
34 37 36 39 53 45 42 53 93 61 
36 37 42 39 53 45 82 53 93 61 
37 39 42 53 53 45 82 61 93 
39 53 42 61 53 45 82 93 
42 53 45 61 53 93 82 
45 53 82 61 53 93 
53 53 82 61 93 
53 61 82 93 
61 93 82 
82 93 
93 
